10.00 10.10 9.98 10.00 10.10 10.00 10.00 10.08 9.98 10.00 
20.29 20.29 20.29 20.29 20.29 20.29 20.29 20.29 20.19 20.29 
29.82 29.76 29.77 29.79 29.88 29.88 29.72 29.74 29.76 29.88 
39.15 39.19 39.19 39.50 39.19 39.17 39.10 39.20 39.58 39.08 
49.12 49.10 49.10 49.49 49.10 49.10 49.08 49.13 49.22 49.20 
59.01 59.17 59.51 59.56 59.48 59.58 59.05 59.56 59.46 59.58 
69.30 68.87 69.32 68.89 69.32 68.86 68.86 68.82 68.86 68.86 
78.75 78.31 78.62 78.29 78.20 78.31 78.65 78.22 78.29 78.67 
88.61 88.73 88.34 88.77 88.77 88.29 88.75 88.25 89.15 88.70 
98.05 98.24 98.53 98.56 98.65 98.20 98.12 98.56 98.20 98.22 
108.68 107.92 108.87 107.94 107.98 107.98 108.87 108.37 107.99 108.90 
117.60 117.65 118.54 118.15 118.16 118.15 117.61 117.63 118.56 117.65 
127.82 127.80 128.28 128.26 128.32 128.75 128.28 127.80 127.75 127.78 
138.14 138.16 138.16 138.18 138.19 138.16 138.73 138.28 139.09 138.69 
147.95 147.90 148.55 147.46 148.07 148.48 148.35 148.86 147.87 148.33 
159.25 159.15 159.62 158.29 158.81 158.36 158.79 157.93 158.53 159.03 
168.60 169.01 169.01 169.01 168.26 168.14 168.58 168.62 168.74 168.22 
178.22 178.14 177.78 178.62 178.51 178.19 177.76 177.69 177.76 177.76 
187.84 187.84 187.83 188.26 187.79 187.90 187.90 188.70 187.79 188.26 
197.76 197.67 197.76 197.64 198.17 198.10 197.71 198.49 198.17 198.53 
207.26 207.70 207.24 208.12 207.77 207.79 208.18 207.76 207.76 207.72 
217.87 217.89 217.53 218.34 217.53 217.99 218.32 217.55 217.43 218.75 
227.75 227.75 227.73 227.77 227.36 227.36 227.68 227.77 227.34 227.79 
237.61 237.20 235.85 238.35 238.40 237.56 238.33 238.33 237.90 237.56 
247.89 247.75 247.87 247.85 247.29 247.83 247.83 247.23 247.39 247.41 
257.51 257.52 257.52 257.64 257.64 257.63 257.56 257.99 257.52 258.45 
267.51 268.35 267.57 267.45 267.54 267.52 268.41 267.54 268.43 268.43 
278.04 278.05 277.56 277.57 278.02 278.12 278.05 277.56 278.09 277.64 
120.62 122.62 287.73 288.14 287.74 287.74 287.66 288.21 287.31 287.23 
297.12 297.11 297.55 297.60 297.59 297.16 297.11 297.57 298.92 297.57 
307.38 308.34 307.33 307.35 307.84 307.91 307.45 307.36 307.35 117.56 
317.84 317.96 317.10 317.48 317.55 317.57 122.19 317.48 317.55 317.53 
327.44 327.44 327.43 327.41 327.44 328.46 327.55 328.47 327.46 327.93 
337.22 338.10 337.31 337.68 338.22 338.10 337.25 337.68 338.20 338.08 
348.56 348.52 349.43 348.59 348.14 348.59 349.02 348.97 348.90 348.95 
358.26 358.25 359.24 359.14 358.69 117.60 357.90 358.69 357.35 357.90 
368.42 367.51 368.30 367.95 367.06 367.06 367.49 367.39 367.92 367.49 
120.94 121.80 120.94 123.50 122.64 379.05 120.92 378.17 377.73 378.60 
388.29 387.47 387.50 388.29 121.75 122.62 386.99 387.81 387.45 387.01 
397.88 398.75 397.43 398.31 400.09 397.88 398.75 399.65 399.65 399.18 
397.95 118.47 398.29 398.31 398.34 398.77 121.80 120.94 401.81 121.37 
407.36 407.88 407.76 407.90 408.27 408.79 407.93 407.45 408.31 408.72 
